Uid	Len	ab|cd	ac|bd	ad|bc
440	0.0401281645	760	0	0
427	0.0305247684	1512	0	0
736	0.0194304181	1228201	80209	477550
633	0.0970011177	4500	0	0
661	0.0083786673	9516	1	51
465	0.0031822844	760	0	0
441	0.0041345185	368	13	0
576	0.0357838956	301	0	80
595	0.0187430973	760	0	0
748	0.013894235	10627	3145	5312
531	0.0746753916	3970	110	1
664	0.0737929384	12985	0	0
540	0.075207893	1137	0	0
403	0.0646497335	381	0	0
442	0.0550100161	760	0	0
755	0.0052434403	26168	19371	2177
523	0.0113836952	3016	0	0
612	0.0021029756	435960	0	0
657	0.0165060948	27225	0	0
520	0.0091089732	760	0	0
400	0.0055629972	760	0	0
628	0.0184661531	8391	0	1626
652	0.0102498837	760	0	0
710	0.0060817275	15812	8786	2
449	0.0157599486	1516	0	0
610	0.0503986316	6244	2635	1537
420	0.008830962	3016	0	0
728	0.0107074017	10786	0	374
731	0.0066176104	16016	48209	0
563	0.0200243603	1885	0	0
448	0.0550100161	760	0	0
533	0.0079894722	381	0	0
584	0.0153423362	1513	2	1
556	0.0281447859	381	0	0
462	0.0040960453	6552	0	0
408	0.035831704	379	2	0
536	0.0050887159	380	1	0
751	0.0038478486	123541	344759	302100
655	0.0198406384	15624	0	0
637	0.0096273595	26515	1	52
651	0.0299394192	1516	0	0
698	0.0041948144	257346	56859	795
431	0.0350827067	1516	0	0
494	0.004407274	1512	0	0
740	0.0782551893	378	3	0
387	0.002560765	749	1	10
504	0.004407274	1509	0	759
413	0.0020262429	1746	1270	0
557	0.0153423362	1137	0	0
515	0.0608119798	3912	600	0
701	0.011773433	112859	1	0
553	0.0040517038	52888	19640	26025
529	0.0040960453	22289	998	9
650	0.0128793957	7603	3048	1221
741	0.0007498384	27276	3	1
632	0.0284176778	70488	0	0
407	0.0792492354	381	0	0
468	0.0157599486	1137	0	0
483	0.0163893486	1137	0	0
574	0.0078497784	2266	0	2
486	0.0463098156	188	187	6
393	0.0024424817	11851	3773	0
452	0.034523407	1885	0	0
392	0.0065066436	4967	781	984
508	0.0135943306	13464	0	0
607	0.0056890848	4684	3	110
414	0.0036967335	364	17	0
699	0.0025850088	42686	18436	17502
581	0.0286718144	2256	0	0
499	0.0026453065	5853	37	3086
617	0.0131221403	381	0	0
473	0.0457025966	347	4	30
597	0.0298483086	11207	12	1
511	0.0341127308	381	0	0
616	0.0223375982	4797	0	0
654	0.0129733815	23725	0	0
759	0.0008669991	1211288	736396	1071556
578	0.0426749039	760	0	0
722	0.0015656033	491534	148211	263112
546	0.0090391257	6878	0	362
752	0.0038478486	594723	107294	1936
669	0.0272348817	760	0	0
721	0.0850579806	1613	272	0
726	0.0015656033	6406629	9997631	2657782
478	0.0460060044	367	14	0
642	0.0043063074	7386	0	114
700	0.0009929259	1727258	7	255
506	0.0068360868	758	2	0
640	0.0082352661	21600	0	0
739	0.0086941274	21900	0	0
635	0.0108877088	4509	0	3
737	0.0105377095	5968	0	0
425	0.0210482557	6768	0	0
451	0.0072642002	381	0	0
588	0.019700798	760	0	0
406	0.0529597755	381	0	0
738	0.0105955099	12857951	80114	6636
550	0.0654513817	1516	0	0
447	0.0179516651	381	0	0
411	0.0259231008	381	0	0
525	0.0096273595	4797	0	0
693	0.0191727202	467325	0	0
604	0.0016897754	6224	112	1804
624	0.0108877088	3760	0	0
671	0.0198406384	6696	0	0
677	0.0076486332	13756	0	0
585	0.1046039984	46800	0	0
591	0.0020492474	3941	0	140
516	0.0153457419	6000	0	0
396	0.027985418	381	0	0
474	0.008830962	4524	0	0
592	0.0505114367	3393	0	0
484	0.074878915	381	0	0
510	0.0047021605	3357	0	0
744	0.007173194	10960	2112	0
712	0.0026185497	3723	311	2698
580	0.0056858429	760	0	0
675	0.0026232949	48160	0	0
419	0.0055629972	751	0	9
498	0.034523407	4524	0	0
436	0.0031822844	760	0	0
501	0.0035497574	14216	7404	520
397	0.0246592213	381	0	0
409	0.0342873118	1137	0	0
717	0.0060817275	439042	46518	522440
481	0.0272434429	2268	0	0
614	0.0096108463	25458	0	22
691	0.0074697661	16442	3	1027
666	0.0158471142	9567	0	1
410	0.0284176846	2992	0	0
754	0.0036194537	248588	31032	26812
634	0.0039475911	751	3	6
555	0.019700798	760	0	0
552	0.0056997211	757	0	3
470	0.031876446	381	0	0
527	0.0674204163	2600	2	23
729	0.0299394192	1124	0	13
761	0.0086941274	4308	2816	30836
609	0.0032104591	15200	1021	1395
582	0.014947259	1137	0	0
386	0.002560765	745	15	0
423	0.0379182495	381	0	0
434	0.0654513817	1137	0	0
437	0.0079209603	760	0	0
599	0.0020492474	4101	570	2749
627	0.0096108463	3757	17971	112
719	0.0017721254	110471	59929	0
542	0.0091089732	743	3	14
558	0.0166773455	381	0	0
711	0.0026023368	971386	550606	135508
549	0.0194010677	17636	5662	3054
713	0.0050506469	1173919	1824747	1350134
615	0.0009054158	997	109	1519
398	0.0329405586	758	0	2
429	0.0396598111	1118	727	40
656	0.0879305448	1135	0	2
480	0.0272434429	2268	0	0
521	0.0052434403	24160	0	0
530	0.0216850878	760	0	0
573	0.0375467978	752	7	1
749	0.0211635778	32641	57	62
762	0.0008529825	113208	356	221476
507	0.0135943306	5236	0	0
518	0.0372242072	381	0	0
497	0.0298483086	5236	0	0
435	0.0062674451	381	0	0
537	0.079339805	1137	0	0
594	0.0223404833	10416	0	0
433	0.0064831538	747	13	0
668	0.0184554861	1137	0	0
709	0.0050506469	1932162	9919	277618
443	0.0305247684	3024	0	0
593	0.0016281079	954	167	16
551	0.0093076923	58240	0	0
517	0.0580903724	381	0	0
745	0.0021029756	18498	1491	97651
545	0.0093850607	381	0	0
660	0.0342414392	7420	0	0
720	0.1344543033	1427378	28038	4504
714	0.0009929259	1670251	791518	527230
405	0.0749460444	381	0	0
647	0.0043063074	2447	0	178
422	0.0013473286	1060	308	148
645	0.0367328339	38745	0	0
697	0.0025850088	30448	32537	2535
590	0.056783757	1137	0	0
638	0.0026023368	143325	0	0
631	0.0128793957	10017	0	0
461	0.0014452098	5856	0	0
621	0.0087886901	507	246	7
522	0.027656358	381	0	0
620	0.0201998045	2625	0	0
496	0.0066109788	4512	0	0
658	0.0211635778	12376	0	0
756	0.082582358	285	475	0
458	0.0720971215	4081	0	0
401	0.0079209603	760	0	0
725	0.0107074017	9379	1037	0
742	0.0223375982	6869	1987	0
450	0.0105778824	381	0	0
747	0.007173194	232114	12897	605
706	0.0857548273	1442	64	6
682	0.0058055864	4417	0	1088
678	0.0047021605	5961	7	0
548	0.0671198058	1385	846	761
503	0.0107072842	3039	354	0
663	0.0977215036	381	0	0
708	0.0026185497	7287	103	90
391	0.0065066436	5230	6	0
707	0.0384600722	14749	114	57
394	0.0024424817	1262	0	2458
689	0.0381574942	46463	40037	6956
544	0.0367328339	14760	0	0
724	0.0017721254	1488264	4539403	487724
535	0.009325013	2828	62	126
611	0.0032104591	7903	3511	8771
570	0.0401721246	294	0	87
662	0.0116297629	2578480	0	0
734	0.0720971215	13356	0	0
388	0.0221145487	3024	0	0
490	0.0007836736	1471	664	133
694	0.0191727202	569500	0	0
421	0.0239870716	381	0	0
459	0.0305274118	760	0	0
463	0.0354398583	2256	0	0
432	0.0405044894	378	3	0
679	0.002267788	12499	2694	603
636	0.0082352661	51832	0	8
723	0.0181366303	221520	0	0
472	0.007247215	760	0	0
445	0.0668611214	760	0	0
704	0.0235224246	5667	0	333
572	0.0340158982	759	1	0
606	0.0184661531	7420	0	0
601	0.0221448502	2329	551	1644
543	0.0040517038	40213	3107	0
475	0.0366128659	760	0	0
454	0.0026453065	2992	0	0
688	0.1186772272	2268	0	0
564	0.0780953624	1516	0	0
444	0.0097969838	1516	0	0
765	0.0008529825	290814	40645	33246
417	0.064506473	381	0	0
428	0.0277010248	380	1	0
554	0.001170063	445	27	288
605	0.0009054158	6409	1091	0
630	0.0055460222	9857	155	5
561	0.0058847966	1501	0	11
665	0.0013608017	97744	0	0
385	0.0221145487	1512	0	0
646	0.081123651	1516	0	0
488	0.0121446063	381	0	0
514	0.002472643	70600	0	0
686	0.0072658461	3739	0	21
727	0.1062077534	7729	26218	133
559	0.0014635748	1085	100	331
402	0.0404809137	1135	0	2
619	0.0087886901	527	233	0
596	0.0108933143	2395	236	4101
456	0.0418910056	380	0	1
598	0.0009046195	3371	610	4971
492	0.0164117807	834	682	0
489	0.0194010677	54900	0	0
757	0.0483326001	6759	7372	2105
603	0.0200243603	1609	21	1386
532	0.0367351306	225	0	156
412	0.0013473286	1137	0	0
464	0.0619620181	381	0	0
687	0.0284176778	63239	52166	6347
418	0.0464827597	2994	765	1
758	0.0013608017	129454	47715	13551
629	0.0178856528	15120	0	0
732	0.0066176104	16978	0	9446
641	0.0069911816	379	2	0
509	0.0664905777	3168	551	1
495	0.0022897055	378	3	0
534	0.0376014734	380	380	0
415	0.0020262429	667	4	1214
455	0.0284176846	5236	0	0
715	0.0055123363	8351568	7056577	6497368
618	0.0652434662	4956	0	280
467	0.0210482557	3760	0	0
733	0.0116297629	18431830	865	104569
670	0.0178856528	7523	206	191
502	0.0035497574	22310	251	6959
524	0.0221448502	1885	0	0
690	0.011773433	229824	0	0
746	0.0019805341	725820	201	23364
613	0.0223404833	11160	0	0
399	0.0371832698	381	0	0
505	0.0097877272	3016	0	0
600	0.0235224246	5625	0	0
702	0.0051628403	43067	7470	68
416	0.0379792304	1512	0	0
390	0.0029138502	372	1	8
579	0.0014579619	631	17	112
583	0.0483326001	4797	0	0
430	0.0484845075	2256	0	0
460	0.0164117807	1137	0	0
404	0.0303476246	760	0	0
571	0.0093076923	6552	0	0
705	0.0026232949	28536	7674	22270
568	0.0354398583	3757	0	3
648	0.0840427304	2236	3387	2
684	0.0149317665	6696	0	0
766	0.0008669991	5696257	119172	1060442
667	0.0158471142	33097	23	0
680	0.0078913214	1125	0	12
469	0.0514891587	379	0	2
659	0.013894235	5505	0	0
730	0.0105955099	738279	0	100208
487	0.005424185	21700	0	0
644	0.0028271381	707	427	3
623	0.0759075672	379	0	2
753	0.0019805341	3598070	380879	217850
760	0.0194304181	12587747	73	0
395	0.0181366303	29440	0	0
457	0.0625414972	1516	0	0
493	0.0641927461	5775	167	26
622	0.0013580306	233	145	3
718	0.0055123363	1567456	1247045	48774
608	0.0063714456	5223	9530	167
696	0.0011566823	149227	7580	6138
426	0.0064831538	759	0	1
526	0.0014452098	5996	305	4679
528	0.009325013	3391	0	2
477	0.0028635263	2256	0	0
471	0.0623772721	760	0	0
567	0.0033355047	3788	571	153
547	0.0381574942	9912	0	0
681	0.002472643	37789	1265	11778
763	0.0813456191	507	244	386
512	0.0439288497	760	0	0
389	0.0494317752	3016	0	0
586	0.0356971561	286	49	46
676	0.0041948144	40600	0	0
587	0.0078497784	1820	448	0
692	0.0072658461	4428	84	0
438	0.0316066615	381	0	0
539	0.002092465	11705	847	516
575	0.0019096521	359	1	21
743	0.0093345949	44137	0	23
485	0.0066109788	4512	0	0
569	0.0384600722	3357	0	0
560	0.0366128659	760	0	0
565	0.0074697661	12376	0	0
735	0.0105377095	7833	0	0
643	0.0793753333	757	1	2
439	0.0163893486	1516	0	0
482	0.040589707	381	0	0
446	0.0439288497	760	0	0
649	0.0046270104	1152	110	250
479	0.0107072842	3012	4	0
685	0.0076486332	44406	16586	23716
673	0.0312282121	34176	0	0
519	0.0127570361	381	0	0
764	0.0093345949	11028	2268	2896
626	0.0036089049	490	0	270
453	0.0924104615	2992	0	0
695	0.0011566823	19551	395	36854
672	0.1073206885	377	4	0
653	0.0129733815	78829	11	0
625	0.0055460222	11747	88	37
683	0.005424185	124720	2	32778
513	0.0036624792	17229	606	565
602	0.0063714456	9508	5	931
589	0.0427831069	1137	0	0
566	0.0097877272	1885	0	0
716	0.0342414392	15818	10806	88
424	0.0587121562	2625	0	0
500	0.001292588	422	330	8
491	0.0028635263	2713	21	1026
476	0.048788687	760	0	0
674	0.0312282121	32752	0	0
562	0.0295501696	337	0	44
538	0.001170063	722	38	0
466	0.0097969838	1134	0	3
750	0.0007498384	38394	6882	32472
577	0.0108933143	7480	0	0
541	0.0648705029	2235	31	2
